0.00244182873573853
0.199999641742071
0.387914494618023
0.566434403240897
0.73602840349149
0.897142620215791
1.05020100123373
1.19560626752332
1.33374108187648
1.46496880635322
1.58963500421007
1.70806757339356
1.82057825810642
1.92746324872948
2.02900359958176
2.12546661181346
2.21710626560637
2.30416365780049
2.38686794732681
2.46543675950892
2.54007708970592
2.61098503455866
2.67834739634477
2.74234136024849
2.80313549146024
2.86088965561907
2.9157561514533
2.9678790097567
3.01739561210703
3.06443641947039
3.10912488285871
3.15157887986124
3.1919099916631
3.23022449888265
3.26662338182392
3.30120238913088
3.33405225269958
3.36525960468826
3.39490648086782
3.42307096377235
3.4498273197188
3.47524592246808
3.49939368993939
3.52233400730978
3.544127354152
3.56483118217381
3.58449990032336
3.60318523396982
3.62093621853223
3.63779970910344
3.65382015364229
3.66903959982331
3.68349811606115
3.6972339359047
3.7102831754094
3.7226800412053
3.73445697481006
3.74564536128725
3.75627432490551
3.7663719289761
3.77596482838251
3.78507819145744
3.79373606056326
3.80196113513598
3.80977498481941
3.81719819249789
3.82425035406113
3.83095014510861
3.83731497226509
3.84336146774641
3.84910590870677
3.85456323324944
3.85974788484342
3.8646732480233
3.86935249743568
3.87379810291857
3.87802140354496
3.8820334581065
3.8858452538763
3.88946629716149
3.89290673047657
3.89617500308657
3.89927991700845
3.90222985094453
3.90503219729886
3.90769455938353
3.91022397745866
3.91262692708454
3.9149097436464
3.91707855086724
3.91913883818995
3.921096306806
3.92295602361885
3.92472291471636
3.92640155370883
3.9279964444795
3.92951124437324
3.93095066938867
3.93231816613635
3.93361725117601
3.93485151315811
3.93602397714861
3.93713794930687
3.9381963136451
3.93920174340386
3.94015705068021
3.94106469811066
3.94192679589357
3.94274594568441
3.94352411621342
3.94426348743888
3.9449659597427
3.9456332185503
3.9462673757296
3.94686969527595
3.94744193661458
3.947985717245
3.94850215949822
3.94899302344146
3.94945936326951
3.94990223339683
3.95032325226139
3.95072312154736
3.95110289623309
3.95146398463267
3.951806735846
3.95213241600428
3.95244172759719
3.95273572643194
3.95301504738667
3.95328046140343
3.95353246103095
3.95377196001571
3.95399959392063
3.95421592355595
3.95442129930173
3.95461642485862
3.95480193643281
3.95497804196753
3.95514544551231
3.95530428757613
3.9554556257014
3.95559910445344
3.95573557119855
3.95586502393879
3.95598816730223
3.95610514240171
3.95621630075097
3.95632178364343
3.95642215301113
3.95651769334892
3.95660819290946
3.95669428095309
3.95677603197639
3.95685379796962
3.95692757762316
3.95699765597353
3.95706409885896
3.95712740161046
3.95718770629408
3.95724465846826
3.95729889690391
3.95735048754287
3.95739957264548
3.95744629454402
3.95749065235836
3.95753264522624
3.95757255891495
3.95761060275214
3.95764656589683
3.95768080103175
3.95771330745627
3.95774422784637
3.95777335151577
3.50034225265599
3.52317631624378
3.54484808320099
3.56541492708889
3.58493197808566
3.60345162845976
3.62102425448633
3.63769754225496
3.65351751476508
3.66852801710394
3.68277050171627
3.69628429424903
3.70910723106882
3.72127503009591
3.73282193744204
3.74377994821182
3.75417987982568
3.76405075152886
3.77342043765637
3.78231488395399
3.79075907495045
3.79877645756106
3.80638951623767
3.81361938009978
3.82048589388662
3.82700829674812
3.83320447510561
3.83909158951063
3.84468558367383
3.85000164818521
3.85505449749907
3.85985771742937
3.86442449211677
3.86876674445039
3.87289637739605
3.8768242535084
3.88056072028756
3.88411558522224
3.88749859393608
3.89071809324423
3.89378250840618
3.89669983003995
3.89947758876232
3.9021228948673
3.90464241483472
3.90704246359094
3.90932905962833
3.91150804423603
3.9135845039517
3.91556385148312
3.91745073140141
3.91924979028398
3.9209655074832
3.92260160428001
3.92416250793335
3.92565140801325
3.92707220312463
3.92842806835181
3.92972219304256
3.93095759345571
3.93213711443526
3.93326324474646
3.93433886414678
3.93536613764307
3.93634759723532
3.93728507695477
3.93818097520828
3.93903680584868
3.93985498929333
3.94063690509374
3.94138447311155
3.94209928319177
3.94278276323531
3.94343636694161
3.94406155848899
3.94465946856354
3.94523160731741
3.94577896382189
3.94630272640036
3.94680392479457
3.94728360790322
3.94774266366957
3.94818199941685
3.94860236082287
3.94900505138491
3.94939067330022
3.94975984632863
3.95011338540755
3.95045194740471
3.95077638048264
3.95108701074994
3.95138453942403
3.95166950597297
3.9519426420825
3.95220415092406
3.95245479906443
3.95269499337481
3.95292516039684
3.95314592364761
3.95335755152084
3.95356033321889
3.95375473581158
3.95394107186231
3.9541194810215
3.95429082207334
3.95445489580468
3.95461223246022
3.95476318673469
3.9549079489461
3.95504670644986
3.95517984085238
3.95530720976668
3.95542957146531
3.95554678677995
3.95565926995444
3.95576744282621
3.95587100113512
3.95597039555282
3.95606586684704
3.95615733285803
3.95624506207069
3.95632914115878
3.95640986630646
3.95648750698748
3.95656182358667
3.95663309547255
3.9567014526659
3.95676703069081
3.95683012322578
3.95689049799446
3.95694847486846
3.9570041893394
3.95705778083233
3.95710903344257
3.95715828331103
3.95720530286107
3.95725079438188
3.95729419714939
2.74811019544785
2.70717627954614
2.68342116652476
2.67451506705455
2.6781674050216
2.6922058923718
2.71463518037958
2.74367105191928
2.7777548431137
2.81555153577363
2.85593616780936
2.89797466921898
2.94090201620199
2.98409968353828
3.02707342075071
3.06943465531254
3.1108822541696
3.15118820637754
3.19018386922984
3.22775017011124
3.26380707612867
3.29830813854431
2.9995001520153
3.04617299483657
3.09127154595615
3.13451254839936
3.1757033593698
3.21472398320051
3.25151169881198
3.28604920964471
3.3183547651238
3.3484735776229
3.37647131610709
3.40242917226292
3.42643877922845
3.44859958491944
3.46901590543383
3.46429982377701
3.48854348112574
3.51160688994291
3.53352908272668
3.55436527521641
3.5741693312155
3.59299312979053
3.61088503661701
3.62789193687077
3.64405771260419
3.65942400303422
3.6740309647123
3.68791600866544
3.70111531055273
3.71366331703406
3.72559222821518
3.73693276783126
3.74771417676647
3.75796421133819
3.76770965692271
3.77697531116879
3.785784997972
3.7941615651806
3.80212637996443
3.80969983235405
3.81690133969751
3.82374960050536
3.83026207907181
3.83645552269444
3.84234544633362
3.84794689022307
3.85327442389834
3.57111855846975
3.59004940542795
3.60808720832582
3.62527049269199
